here1
here1
here1
here2
here3
here1
here1
here1
here2
here3
here1
here1
here1
here2
here3
here1
here1
here1
here2
here3
here1
here1
here1
here2
here3
here1
here1
here1
here2
here3
here1
here1
here1
here2
here1
here1
here1
here2
here3
here1
here1
here1
here2
here1
here1
here1
here2
here1
here1
knowns:
00000000 10000010 01001001 00100100
00000000 10000010 01001001 00100101
00000000 10000010 01001001 00100110
00000000 10000010 01001001 00100111
00000000 10000010 01001001 00101100
00000000 10000010 01001001 00101101
00000000 10000010 01001001 00101110
00000000 10000010 01001001 00101111
00000000 10000010 01001001 00110100
00000000 10000010 01001001 00110101
00000000 10000010 01001001 00110110
00000000 10000010 01001001 00110111
00000000 10000010 01001001 00111100
00000000 10000010 01001001 00111101
00000000 10000010 01001001 00111110
00000000 10000010 01001001 00111111
knowns:
00000000 10000010 01001001 00100100
00000000 10000010 01001001 00100101
00000000 10000010 01001001 00100110
00000000 10000010 01001001 00100111
00110011 00111001 00110000 00110001
00000000 00000000 00000000 00000000
00000000 10000010 01001001 00101110
00000000 10000010 01001001 00101111
01100001 01110100 01100001 01100100
01100101 01110011 01100001 01100010
00000000 10000010 01001001 00000000
00000000 10000010 01001001 00110111
01110011 01111001 01110010 01100011
00000000 01101100 01100001 01110100
00000000 10000010 01001001 00111110
00000000 10000010 01001001 00111111
knowns:
00000000 10000010 01001001 00100100
00000000 10000010 01001001 00100101
00000000 10000010 01001001 00100110
00000000 10000010 01001001 00100111
00110011 00111001 00110000 00110001
00000000 00000000 00000000 00000000
00000000 10000010 01001001 00101110
00000000 10000010 01001001 00101111
01100001 01110100 01100001 01100100
01100101 01110011 01100001 01100010
00000000 10000010 01001001 00000000
00000000 10000010 01001001 00110111
01110011 01111001 01110010 01100011
00000000 01101100 01100001 01110100
00000000 10000010 01001001 00111110
00000000 10000010 01001001 00111111
knowns:
00000000 10000010 01001001 00100100
00000000 10000010 01001001 00100101
00000000 10000010 01001001 00100110
00000000 10000010 01001001 00100111
00110011 00111001 00110000 00110001
00000000 00000000 00000000 00000000
00000000 10000010 01001001 00101110
00000000 10000010 01001001 00101111
01100001 01110100 01100001 01100100
01100101 01110011 01100001 01100010
00000000 10000010 01001001 00000000
00000000 10000010 01001001 00110111
01110011 01111001 01110010 01100011
00000000 01101100 01100001 01110100
00000000 10000010 01001001 00111110
00000000 10000010 01001001 00111111
knowns:
00000000 10000010 01001001 00100100
00000000 10000010 01001001 00100101
00000000 10000010 01001001 00100110
00000000 10000010 01001001 00100111
00110011 00111001 00110000 00110001
00000000 00000000 00000000 00000000
00000000 10000010 01001001 00101110
00000000 10000010 01001001 00101111
01100001 01110100 01100001 01100100
01100101 01110011 01100001 01100010
00000000 10000010 01001001 00000000
00000000 10000010 01001001 00110111
01110011 01111001 01110010 01100011
00000000 01101100 01100001 01110100
00000000 10000010 01001001 00111110
00000000 10000010 01001001 00111111
knowns:
00000000 10000010 01001001 00100100
00000000 10000010 01001001 00100101
00000000 10000010 01001001 00100110
00000000 10000010 01001001 00100111
00110011 00111001 00110000 00110001
00000000 00000000 00000000 00000000
00000000 10000010 01001001 00101110
00000000 10000010 01001001 00101111
01100001 01110100 01100001 01100100
01100101 01110011 01100001 01100010
00000000 10000010 01001001 00000000
00000000 10000010 01001001 00110111
01110011 01111001 01110010 01100011
00000000 01101100 01100001 01110100
00000000 10000010 01001001 00111110
00000000 10000010 01001001 00111111
knowns:
00000000 10000010 01001001 00100100
00000000 10000010 01001001 00100101
00000000 10000010 01001001 00100110
00000000 10000010 01001001 00100111
00110011 00111001 00110000 00110001
00000000 00000000 00000000 00000000
00000000 10000010 01001001 00101110
00000000 10000010 01001001 00101111
01100001 01110100 01100001 01100100
01100101 01110011 01100001 01100010
00000000 10000010 01001001 00000000
00000000 10000010 01001001 00110111
01110011 01111001 01110010 01100011
00000000 01101100 01100001 01110100
00000000 10000010 01001001 00111110
00000000 10000010 01001001 00111111
knowns:
00000000 10000010 01001001 00100100
00000000 10000010 01001001 00100101
00000000 10000010 01001001 00100110
00000000 10000010 01001001 00100111
00110011 00111001 00110000 00110001
00000000 00000000 00000000 00000000
00000000 10000010 01001001 00101110
00000000 10000010 01001001 00101111
01100001 01110100 01100001 01100100
01100101 01110011 01100001 01100010
00000000 10000010 01001001 00000000
00000000 10000010 01001001 00110111
01110011 01111001 01110010 01100011
00000000 01101100 01100001 01110100
00000000 10000010 01001001 00111110
00000000 10000010 01001001 00111111
knowns:
00000000 10000010 01001001 00100100
00000000 10000010 01001001 00100101
00000000 10000010 01001001 00100110
00000000 10000010 01001001 00100111
00110011 00111001 00110000 00110001
00000000 00000000 00000000 00000000
00000000 10000010 01001001 00101110
00000000 10000010 01001001 00101111
01100001 01110100 01100001 01100100
01100101 01110011 01100001 01100010
00000000 10000010 01001001 00000000
00000000 10000010 01001001 00110111
01110011 01111001 01110010 01100011
00000000 01101100 01100001 01110100
00000000 10000010 01001001 00111110
00000000 10000010 01001001 00111111
knowns:
00000000 10000010 01001001 00100100
00000000 10000010 01001001 00100101
00000000 10000010 01001001 00100110
00000000 10000010 01001001 00100111
00110011 00111001 00110000 00110001
00000000 00000000 00000000 00000000
00000000 10000010 01001001 00101110
00000000 10000010 01001001 00101111
01100001 01110100 01100001 01100100
01100101 01110011 01100001 01100010
00000000 10000010 01001001 00000000
00000000 10000010 01001001 00110111
01110011 01111001 01110010 01100011
00000000 01101100 01100001 01110100
00000000 10000010 01001001 00111110
00000000 10000010 01001001 00111111
knowns:
00000000 10000010 01001001 00100100
00000000 10000010 01001001 00100101
00000000 10000010 01001001 00100110
00000000 10000010 01001001 00100111
00110011 00111001 00110000 00110001
00000000 00000000 00000000 00000000
00000000 10000010 01001001 00101110
00000000 10000010 01001001 00101111
01100001 01110100 01100001 01100100
01100101 01110011 01100001 01100010
00000000 10000010 01001001 00000000
00000000 10000010 01001001 00110111
01110011 01111001 01110010 01100011
00000000 01101100 01100001 01110100
00000000 10000010 01001001 00111110
00000000 10000010 01001001 00111111
knowns:
00000000 10000010 01001001 00100100
00000000 10000010 01001001 00100101
00000000 10000010 01001001 00100110
00000000 10000010 01001001 00100111
00110011 00111001 00110000 00110001
00000000 00000000 00000000 00000000
00000000 10000010 01001001 00101110
00000000 10000010 01001001 00101111
01100001 01110100 01100001 01100100
01100101 01110011 01100001 01100010
00000000 10000010 01001001 00000000
00000000 10000010 01001001 00110111
01110011 01111001 01110010 01100011
00000000 01101100 01100001 01110100
00000000 10000010 01001001 00111110
00000000 10000010 01001001 00111111
knowns:
00000000 10000010 01001001 00100100
00000000 10000010 01001001 00100101
00000000 10000010 01001001 00100110
00000000 10000010 01001001 00100111
00110011 00111001 00110000 00110001
00000000 00000000 00000000 00000000
00000000 10000010 01001001 00101110
00000000 10000010 01001001 00101111
01100001 01110100 01100001 01100100
01100101 01110011 01100001 01100010
00000000 10000010 01001001 00000000
00000000 10000010 01001001 00110111
01110011 01111001 01110010 01100011
00000000 01101100 01100001 01110100
00000000 10000010 01001001 00111110
00000000 10000010 01001001 00111111
knowns:
00000000 10000010 01001001 00100100
00000000 10000010 01001001 00100101
00000000 10000010 01001001 00100110
00000000 10000010 01001001 00100111
00110011 00111001 00110000 00110001
00000000 00000000 00000000 00000000
00000000 10000010 01001001 00101110
00000000 10000010 01001001 00101111
01100001 01110100 01100001 01100100
01100101 01110011 01100001 01100010
00000000 10000010 01001001 00000000
00000000 10000010 01001001 00110111
01110011 01111001 01110010 01100011
00000000 01101100 01100001 01110100
00000000 10000010 01001001 00111110
00000000 10000010 01001001 00111111
knowns:
00000000 10000010 01001001 00100100
00000000 10000010 01001001 00100101
00000000 10000010 01001001 00100110
00000000 10000010 01001001 00100111
00110011 00111001 00110000 00110001
00000000 00000000 00000000 00000000
00000000 10000010 01001001 00101110
00000000 10000010 01001001 00101111
01100001 01110100 01100001 01100100
01100101 01110011 01100001 01100010
00000000 10000010 01001001 00000000
00000000 10000010 01001001 00110111
01110011 01111001 01110010 01100011
00000000 01101100 01100001 01110100
00000000 10000010 01001001 00111110
00000000 10000010 01001001 00111111
knowns:
00000000 10000010 01001001 00100100
00000000 10000010 01001001 00100101
00000000 10000010 01001001 00100110
00000000 10000010 01001001 00100111
00110011 00111001 00110000 00110001
00000000 00000000 00000000 00000000
00000000 10000010 01001001 00101110
00000000 10000010 01001001 00101111
01100001 01110100 01100001 01100100
01100101 01110011 01100001 01100010
00000000 10000010 01001001 00000000
00000000 10000010 01001001 00110111
01110011 01111001 01110010 01100011
00000000 01101100 01100001 01110100
00000000 10000010 01001001 00111110
00000000 10000010 01001001 00111111
knowns:
00000000 10000010 01001001 00100100
00000000 10000010 01001001 00100101
00000000 10000010 01001001 00100110
00000000 10000010 01001001 00100111
00110011 00111001 00110000 00110001
00000000 00000000 00000000 00000000
00000000 10000010 01001001 00101110
00000000 10000010 01001001 00101111
01100001 01110100 01100001 01100100
01100101 01110011 01100001 01100010
00000000 10000010 01001001 00000000
00000000 10000010 01001001 00110111
01110011 01111001 01110010 01100011
00000000 01101100 01100001 01110100
00000000 10000010 01001001 00111110
00000000 10000010 01001001 00111111
knowns:
00000000 10000010 01001001 00100100
00000000 10000010 01001001 00100101
00000000 10000010 01001001 00100110
00000000 10000010 01001001 00100111
00110011 00111001 00110000 00110001
00000000 00000000 00000000 00000000
00000000 10000010 01001001 00101110
00000000 10000010 01001001 00101111
01100001 01110100 01100001 01100100
01100101 01110011 01100001 01100010
00000000 10000010 01001001 00000000
00000000 10000010 01001001 00110111
01110011 01111001 01110010 01100011
00000000 01101100 01100001 01110100
00000000 10000010 01001001 00111110
00000000 10000010 01001001 00111111
knowns:
00000000 10000010 01001001 00100100
00000000 10000010 01001001 00100101
00000000 10000010 01001001 00100110
00000000 10000010 01001001 00100111
00110011 00111001 00110000 00110001
00000000 00000000 00000000 00000000
00000000 10000010 01001001 00101110
00000000 10000010 01001001 00101111
01100001 01110100 01100001 01100100
01100101 01110011 01100001 01100010
00000000 10000010 01001001 00000000
00000000 10000010 01001001 00110111
01110011 01111001 01110010 01100011
00000000 01101100 01100001 01110100
00000000 10000010 01001001 00111110
00000000 10000010 01001001 00111111
knowns:
00000000 10000010 01001001 00100100
00000000 10000010 01001001 00100101
00000000 10000010 01001001 00100110
00000000 10000010 01001001 00100111
00110011 00111001 00110000 00110001
00000000 00000000 00000000 00000000
00000000 10000010 01001001 00101110
00000000 10000010 01001001 00101111
01100001 01110100 01100001 01100100
01100101 01110011 01100001 01100010
00000000 10000010 01001001 00000000
00000000 10000010 01001001 00110111
01110011 01111001 01110010 01100011
00000000 01101100 01100001 01110100
00000000 10000010 01001001 00111110
00000000 10000010 01001001 00111111
knowns:
00000000 10000010 01001001 00100100
00000000 10000010 01001001 00100101
00000000 10000010 01001001 00100110
00000000 10000010 01001001 00100111
00110011 00111001 00110000 00110001
00000000 00000000 00000000 00000000
00000000 10000010 01001001 00101110
00000000 10000010 01001001 00101111
01100001 01110100 01100001 01100100
01100101 01110011 01100001 01100010
00000000 10000010 01001001 00000000
00000000 10000010 01001001 00110111
01110011 01111001 01110010 01100011
00000000 01101100 01100001 01110100
00000000 10000010 01001001 00111110
00000000 10000010 01001001 00111111
knowns:
00000000 10000010 01001001 00100100
00000000 10000010 01001001 00100101
00000000 10000010 01001001 00100110
00000000 10000010 01001001 00100111
00110011 00111001 00110000 00110001
00000000 00000000 00000000 00000000
00000000 10000010 01001001 00101110
00000000 10000010 01001001 00101111
01100001 01110100 01100001 01100100
01100101 01110011 01100001 01100010
00000000 10000010 01001001 00000000
00000000 10000010 01001001 00110111
01110011 01111001 01110010 01100011
00000000 01101100 01100001 01110100
00000000 10000010 01001001 00111110
00000000 10000010 01001001 00111111
knowns:
00000000 10000010 01001001 00100100
00000000 10000010 01001001 00100101
00000000 10000010 01001001 00100110
00000000 10000010 01001001 00100111
00110011 00111001 00110000 00110001
00000000 00000000 00000000 00000000
00000000 10000010 01001001 00101110
00000000 10000010 01001001 00101111
01100001 01110100 01100001 01100100
01100101 01110011 01100001 01100010
00000000 10000010 01001001 00000000
00000000 10000010 01001001 00110111
01110011 01111001 01110010 01100011
00000000 01101100 01100001 01110100
00000000 10000010 01001001 00111110
00000000 10000010 01001001 00111111
knowns:
00000000 10000010 01001001 00100100
00000000 10000010 01001001 00100101
00000000 10000010 01001001 00100110
00000000 10000010 01001001 00100111
00110011 00111001 00110000 00110001
00000000 00000000 00000000 00000000
00000000 10000010 01001001 00101110
00000000 10000010 01001001 00101111
01100001 01110100 01100001 01100100
01100101 01110011 01100001 01100010
00000000 10000010 01001001 00000000
00000000 10000010 01001001 00110111
01110011 01111001 01110010 01100011
00000000 01101100 01100001 01110100
00000000 10000010 01001001 00111110
00000000 10000010 01001001 00111111
knowns:
00000000 10000010 01001001 00100100
00000000 10000010 01001001 00100101
00000000 10000010 01001001 00100110
00000000 10000010 01001001 00100111
00110011 00111001 00110000 00110001
00000000 00000000 00000000 00000000
00000000 10000010 01001001 00101110
00000000 10000010 01001001 00101111
01100001 01110100 01100001 01100100
01100101 01110011 01100001 01100010
00000000 10000010 01001001 00000000
00000000 10000010 01001001 00110111
01110011 01111001 01110010 01100011
00000000 01101100 01100001 01110100
00000000 10000010 01001001 00111110
00000000 10000010 01001001 00111111
knowns:
00000000 10000010 01001001 00100100
00000000 10000010 01001001 00100101
00000000 10000010 01001001 00100110
00000000 10000010 01001001 00100111
00110011 00111001 00110000 00110001
00000000 00000000 00000000 00000000
00000000 10000010 01001001 00101110
00000000 10000010 01001001 00101111
01100001 01110100 01100001 01100100
01100101 01110011 01100001 01100010
00000000 10000010 01001001 00000000
00000000 10000010 01001001 00110111
01110011 01111001 01110010 01100011
00000000 01101100 01100001 01110100
00000000 10000010 01001001 00111110
00000000 10000010 01001001 00111111
knowns:
00000000 10000010 01001001 00100100
00000000 10000010 01001001 00100101
00000000 10000010 01001001 00100110
00000000 10000010 01001001 00100111
00110011 00111001 00110000 00110001
00000000 00000000 00000000 00000000
00000000 10000010 01001001 00101110
00000000 10000010 01001001 00101111
01100001 01110100 01100001 01100100
01100101 01110011 01100001 01100010
00000000 10000010 01001001 00000000
00000000 10000010 01001001 00110111
01110011 01111001 01110010 01100011
00000000 01101100 01100001 01110100
00000000 10000010 01001001 00111110
00000000 10000010 01001001 00111111
knowns:
00000000 10000010 01001001 00100100
00000000 10000010 01001001 00100101
00000000 10000010 01001001 00100110
00000000 10000010 01001001 00100111
00110011 00111001 00110000 00110001
00000000 00000000 00000000 00000000
00000000 10000010 01001001 00101110
00000000 10000010 01001001 00101111
01100001 01110100 01100001 01100100
01100101 01110011 01100001 01100010
00000000 10000010 01001001 00000000
00000000 10000010 01001001 00110111
01110011 01111001 01110010 01100011
00000000 01101100 01100001 01110100
00000000 10000010 01001001 00111110
00000000 10000010 01001001 00111111
knowns:
00000000 10000010 01001001 00100100
00000000 10000010 01001001 00100101
00000000 10000010 01001001 00100110
00000000 10000010 01001001 00100111
00110011 00111001 00110000 00110001
00000000 00000000 00000000 00000000
00000000 10000010 01001001 00101110
00000000 10000010 01001001 00101111
01100001 01110100 01100001 01100100
01100101 01110011 01100001 01100010
00000000 10000010 01001001 00000000
00000000 10000010 01001001 00110111
01110011 01111001 01110010 01100011
00000000 01101100 01100001 01110100
00000000 10000010 01001001 00111110
00000000 10000010 01001001 00111111
knowns:
00000000 10000010 01001001 00100100
00000000 10000010 01001001 00100101
00000000 10000010 01001001 00100110
00000000 10000010 01001001 00100111
00110011 00111001 00110000 00110001
00000000 00000000 00000000 00000000
00000000 10000010 01001001 00101110
00000000 10000010 01001001 00101111
01100001 01110100 01100001 01100100
01100101 01110011 01100001 01100010
00000000 10000010 01001001 00000000
00000000 10000010 01001001 00110111
01110011 01111001 01110010 01100011
00000000 01101100 01100001 01110100
00000000 10000010 01001001 00111110
00000000 10000010 01001001 00111111
knowns:
00000000 10000010 01001001 00100100
00000000 10000010 01001001 00100101
00000000 10000010 01001001 00100110
00000000 10000010 01001001 00100111
00110011 00111001 00110000 00110001
00000000 00000000 00000000 00000000
00000000 10000010 01001001 00101110
00000000 10000010 01001001 00101111
01100001 01110100 01100001 01100100
01100101 01110011 01100001 01100010
00000000 10000010 01001001 00000000
00000000 10000010 01001001 00110111
01110011 01111001 01110010 01100011
00000000 01101100 01100001 01110100
00000000 10000010 01001001 00111110
00000000 10000010 01001001 00111111
knowns:
00000000 10000010 01001001 00100100
00000000 10000010 01001001 00100101
00000000 10000010 01001001 00100110
00000000 10000010 01001001 00100111
00110011 00111001 00110000 00110001
00000000 00000000 00000000 00000000
00000000 10000010 01001001 00101110
00000000 10000010 01001001 00101111
01100001 01110100 01100001 01100100
01100101 01110011 01100001 01100010
00000000 10000010 01001001 00000000
00000000 10000010 01001001 00110111
01110011 01111001 01110010 01100011
00000000 01101100 01100001 01110100
00000000 10000010 01001001 00111110
00000000 10000010 01001001 00111111
